File Name: C:\Users\common\Documents\CLART\Specificity CPH\CLART spec CPH 170615 cl.rbx																																													
Acquisition Date: 15-Jun-2017, 09:09 AM																																													
Reader Serial Number: LX10010029402																																													
RP1 PMT (Volts): 544.08																																													
RP1 Target: 3684																																													
Plate ID: 																																													
																																													
Well	Type	Description	HPV 6 (20)	HPV 11 (11)	HPV 16 (16)	HPV 18 (38)	HPV 18.6650G (34)	HPV 26 (26)	HPV 30 (30)	HPV 31 (22)	HPV 33.2 (33)	HPV 35 (35)	HPV 35.6624A (41)	HPV 39 (39)	HPV 40 (40)	HPV 42 (42)	HPV 43 (43)	HPV 45 (45)	HPV 51 (51)	HPV 52 (52)	HPV 53 (53)	HPV 54 (54)	HPV 56 (56)	HPV 58.1 (47)	HPV 59 (24)	HPV 61 (25)	HPV 66 (66)	HPV 67 (27)	HPV 68 ME.1 (44)	HPV 68 O (28)	HPV 69 (19)	HPV 70 (21)	HPV 73 (58)	HPV 74 (23)	HPV 81 (29)	HPV 82 (32)	HPV 83 (36)	HPV 86 (37)	HPV 87 (48)	HPV 89 (49)	HPV 90 (55)	HPV 91 (57)	U1 (46)	U2 (50)	Sampling Errors
A1	X1	MGP1	104	1	212	48	8	0	4	1	1	1	1	2	13	1	1	1	82	1	1	1	1	1	1	0	2	1	2	1	0	1	4	7	1	25	1	1	1	1	3	2	34	21	
B1	X2	MGP2	4	82	0	1	1	0	10	21	10	1	1	3	70	1	1	1	1	1	1	1	1	6	4	1	2	2	4	1	0	1	4	34	1	39	1	1	0	1	5	1	41	44	
C1	X3	MGP3	2	1	0	1	1	1	4	0	0	0	1	34	15	1	1	64	1	330	2	1	78	1	2	1	2	3	6	1	0	1	4	10	1	21	1	1	1	1	3	3	37	39	
D1	X4	MGP4	2	1	1	1	0	1	4	0	2	53	5	3	14	1	1	1	1	3	1	1	1	1	22	0	275	1	34	19	1	1	4	16	1	18	1	1	1	1	4	1	76	43	
E1	X5	MGP5	119	1	167	46	7	1	3	1	1	1	1	3	17	1	1	1	60	1	1	1	1	1	1	1	2	2	2	1	0	1	5	10	1	27	1	1	1	1	3	2	25	16	
F1	X6	MGP6	1	67	1	1	1	0	2	15	8	1	1	2	2	1	1	1	1	1	1	1	1	7	3	0	2	2	3	1	0	1	4	3	1	5	1	1	1	1	2	1	39	38	
G1	X7	MGP7	1	0	1	1	1	0	5	1	1	1	1	41	28	1	1	72	1	197	1	1	115	1	1	0	3	3	5	1	1	1	4	15	1	25	1	2	1	1	3	2	17	19	
H1	X8	MGP8	2	1	0	1	1	1	5	1	2	48	4	2	22	1	1	1	1	2	1	1	1	1	24	1	239	1	29	10	1	1	4	10	1	20	1	1	1	1	3	1	57	28	
A2	X9	16hvh905746	1	0	0	1	0	1	2	1	1	0	1	2	1	1	1	1	1	1	1	1	1	1	1	1	2	1	2	1	1	1	4	1	1	1	1	1	1	1	1	1	10	17	
B2	X10	16hvh905747	1	0	1	1	1	0	1	1	1	0	1	2	2	1	1	1	1	1	1	1	1	1	1	1	2	1	3	1	1	1	4	1	1	1	1	1	1	1	1	1	16	42	
C2	X11	16hvh905748	1	0	0	1	0	1	2	0	1	1	1	3	1	1	1	1	1	1	1	1	1	1	1	1	2	1	2	1	0	1	5	1	1	1	1	1	1	1	2	1	11	23	
D2	X12	16hvh905749	1	0	0	1	0	0	2	0	1	1	1	11	2	1	1	1	1	1	1	1	1	1	1	1	2	1	4	1	1	1	4	1	1	1	1	1	1	1	1	2	17	27	
E2	X13	16hvh905750	1	0	1	1	1	0	1	0	0	1	1	3	1	1	1	1	1	1	1	1	1	1	1	0	2	1	2	1	1	1	4	1	1	1	1	1	1	1	2	1	12	30	
F2	X14	16hvh905751	1	1	0	1	1	0	2	0	1	0	1	3	4	1	1	1	2	1	1	1	1	1	2	1	2	1	7	2	0	1	4	1	1	2	1	1	1	1	2	1	61	158	
G2	X15	16hvh905752	1	0	0	0	1	1	1	0	1	1	1	2	1	1	1	1	1	1	1	1	1	1	1	0	3	1	2	1	0	1	4	1	1	1	1	1	1	1	2	1	11	22	
H2	X16	16hvh905753	1	0	0	1	1	1	2	0	0	0	1	2	1	1	1	1	1	1	1	1	1	1	1	1	2	1	2	1	1	1	4	2	0	2	1	1	1	1	2	2	10	16	
A3	X17	16hvh905754	1	1	1	1	1	1	2	0	1	0	1	2	2	1	1	1	1	1	1	1	1	1	1	0	2	1	3	1	0	1	4	1	1	2	1	1	1	1	2	2	31	78	
B3	X18	16hvh905755	1	0	0	1	0	0	2	0	0	0	1	2	2	1	0	1	1	1	1	1	1	1	1	0	2	1	4	1	0	1	4	1	1	1	1	1	1	1	2	1	32	64	
C3	X19	16hvh905756	1	1	1	23	3	1	1	1	0	0	1	2	1	1	1	1	1	1	1	1	1	1	1	1	2	1	3	1	0	1	4	1	1	2	1	1	1	1	2	1	14	26	
D3	X20	16hvh905757	1	0	0	1	1	0	2	0	0	0	1	3	2	1	1	1	1	1	1	1	1	1	0	0	2	1	3	1	0	1	4	1	1	1	1	1	1	1	2	1	17	36	
E3	X21	16hvh905758	0	0	1	1	1	1	1	0	1	1	1	3	1	1	1	1	1	1	1	1	1	1	1	1	2	1	3	1	0	1	4	0	1	1	1	1	1	1	2	1	15	39	
F3	X22	16hvh905759	1	0	0	1	1	0	2	0	1	1	1	2	1	1	0	1	1	1	1	1	1	1	1	0	2	1	1	1	0	1	4	1	1	1	1	1	1	1	1	1	7	13	
G3	X23	16hvh905760	1	0	0	1	1	0	2	0	1	1	1	2	1	1	1	1	1	1	1	1	1	1	1	1	2	2	2	1	1	1	4	2	1	3	1	1	1	1	2	2	8	17	
H3	X24	16hvh905761	1	1	1	2	1	1	2	1	1	1	0	2	2	1	1	1	1	1	1	1	1	1	307	1	2	1	3	1	0	1	4	2	0	3	1	1	1	1	2	1	33	48	
A4	X25	16hvh905762	1	1	0	1	1	0	2	0	1	1	1	3	1	1	1	1	1	1	1	1	1	1	0	1	2	2	2	1	0	1	4	2	1	3	1	1	0	1	2	1	10	22	
B4	X26	16hvh905763	1	0	0	1	0	0	2	0	1	1	1	3	3	1	0	1	1	1	1	1	1	1	1	0	2	1	2	1	0	1	4	120	1	3	1	1	1	1	2	1	24	26	
C4	X27	16hvh905764	0	0	1	1	0	1	1	0	0	1	1	3	1	1	1	1	1	1	1	1	1	1	1	1	2	1	2	1	0	1	4	1	1	1	1	1	1	1	1	1	10	24	
D4	X28	16hvh905765	1	0	0	1	0	1	2	0	1	1	1	3	1	1	1	1	1	1	1	1	1	1	1	1	3	1	3	1	1	1	4	1	1	1	1	1	1	1	1	1	19	44	
E4	X29	16hvh905766	1	0	0	1	1	0	2	1	1	1	1	2	2	1	1	1	1	1	0	1	1	1	1	0	2	1	3	1	1	1	4	0	1	2	19	1	1	1	2	1	11	31	
F4	X30	16hvh905767	1	0	0	1	1	1	2	0	1	1	1	2	2	1	1	1	1	1	1	1	1	1	1	1	2	1	2	1	1	1	4	1	1	2	1	1	1	1	2	1	11	26	
G4	X31	16hvh905768	1	0	1	1	1	0	2	0	1	1	1	3	2	1	1	1	1	1	0	1	1	1	1	0	2	1	4	1	0	1	4	1	1	1	1	1	1	1	2	2	29	78	
H4	X32	16hvh905769	1	0	1	0	1	0	2	0	1	1	1	3	5	1	1	1	2	1	1	1	1	1	2	0	2	1	9	2	1	1	4	1	1	2	1	1	1	1	2	1	126	234	
A5	X33	16hvh905770	1	1	0	1	1	1	1	0	1	0	0	2	1	1	1	1	1	1	1	2	1	1	180	1	2	1	3	1	1	1	4	1	1	2	1	1	1	0	1	1	20	30	
B5	X34	16hvh905771	1	0	1	0	1	0	2	0	0	0	1	2	3	1	1	26	1	1	1	1	1	1	1	1	2	1	2	1	0	1	4	15	1	4	1	1	3	1	2	1	25	21	
C5	X35	16hvh905772	1	0	1	1	1	0	6	0	1	1	1	3	24	1	1	1	1	1	1	1	1	1	1	0	3	2	4	1	1	1	4	3	1	3	1	1	1	1	2	1	15	41	
D5	X36	16hvh905773	1	0	1	1	1	1	2	0	1	1	0	2	1	1	1	1	1	1	1	1	1	1	1	0	2	1	3	1	0	1	4	1	1	1	1	1	0	1	2	1	12	29	
E5	X37	16hvh905774	1	0	0	1	1	0	2	0	1	0	0	2	1	1	1	1	1	2	1	1	1	0	1	1	2	1	1	1	0	1	4	1	1	1	1	1	0	1	1	1	1	2	
F5	X38	16hvh905775	0	0	1	1	1	0	2	0	1	0	1	3	1	1	1	1	1	1	1	1	1	1	1	0	2	1	2	1	0	1	4	1	1	1	1	1	1	1	2	1	6	13	
G5	X39	16hvh905776	1	0	0	0	1	1	2	0	1	1	1	2	3	1	1	1	1	1	1	1	1	1	1	1	2	1	3	1	0	1	4	1	2	1	1	1	1	1	2	1	13	33	
H5	X40	16hvh905777	1	0	1	1	1	1	2	1	1	1	1	2	2	1	1	0	1	1	0	1	1	1	1	0	2	1	3	2	1	0	4	0	2	1	1	1	1	1	2	1	18	30	
A6	X41	16hvh905778	1	1	1	1	1	1	1	0	1	1	1	2	1	1	1	1	1	1	1	2	1	1	1	1	2	1	2	1	0	1	4	1	1	1	1	1	1	1	2	1	13	34	
B6	X42	16hvh905779	1	1	0	1	1	0	2	1	1	0	1	2	1	1	1	1	1	1	1	1	1	1	1	0	2	2	2	1	1	1	4	2	1	3	1	1	1	1	2	1	10	19	
C6	X43	16hvh905780	1	1	1	1	1	1	2	1	1	1	1	2	1	1	1	1	1	1	1	1	1	1	1	0	2	1	2	1	0	1	4	1	1	2	1	1	1	1	2	1	6	12	
D6	X44	16hvh905781	1	0	0	0	1	0	2	0	1	1	1	2	1	1	1	1	1	1	1	1	1	1	1	0	2	0	3	1	0	1	4	1	1	1	1	1	1	1	2	1	20	41	
E6	X45	16hvh905782	1	0	0	0	1	0	4	0	1	1	1	3	20	1	1	1	1	1	1	1	1	1	1	1	2	1	2	0	0	1	4	10	1	9	1	1	1	1	3	1	8	20	
F6	X46	16hvh905783	1	0	0	0	1	0	2	0	0	0	1	3	5	1	1	1	1	1	1	1	1	1	1	1	2	1	2	1	1	1	4	2	1	3	1	1	1	1	2	1	7	15	
G6	X47	16hvh905784	1	0	1	0	1	1	3	0	1	1	1	3	1	1	1	1	1	1	1	1	1	1	1	0	3	1	2	1	1	1	4	1	2	2	1	1	45	1	2	25	36	28	
H6	X48	16hvh905785	0	0	0	1	1	0	2	0	1	1	1	3	2	72	1	1	1	1	1	2	1	1	1	1	2	1	3	1	1	1	4	1	1	2	1	1	1	1	2	1	23	48	
A7	X49	16hvh905786	1	0	1	1	1	1	2	0	0	1	1	2	1	1	1	1	1	1	1	1	1	1	1	1	2	0	3	1	0	1	4	1	1	1	1	1	1	1	1	1	14	32	
B7	X50	16hvh905787	1	1	0	1	1	0	2	1	0	1	1	2	2	1	1	1	1	1	1	1	1	1	1	1	2	2	2	1	1	1	4	1	1	2	1	1	0	1	2	1	10	22	
C7	X51	16hvh905788	1	1	0	0	1	0	1	0	1	0	1	3	1	1	0	1	1	1	1	1	1	1	1	1	2	1	3	1	1	0	4	1	1	1	1	1	1	1	2	1	15	29	
D7	X52	16hvh905789	1	1	1	0	0	1	1	0	0	1	1	3	1	1	0	1	1	1	1	1	1	1	1	0	2	1	3	1	0	1	4	1	1	1	1	1	1	1	1	1	14	40	
E7	X53	16hvh904851	0	0	0	1	1	1	2	0	1	1	1	2	3	1	1	1	1	1	1	1	1	1	1	0	2	1	5	1	0	1	4	20	1	2	1	1	1	1	2	1	39	99	
F7	X54	16hvh904851	1	0	1	0	1	0	2	1	1	1	1	2	6	1	0	1	2	1	1	1	1	1	1	1	2	1	7	2	0	1	4	1	1	4	1	1	1	1	2	1	45	137	
G7	X55	16hvh904860	1	1	192	1	1	0	2	0	1	1	1	2	1	1	1	1	1	1	1	2	1	1	1	0	2	1	1	1	1	1	4	1	1	2	1	1	1	1	2	1	19	10	
H7	X56	16hvh904860	1	0	186	1	1	1	1	1	0	1	1	2	1	1	1	1	1	1	1	1	1	1	1	0	2	1	1	1	0	1	4	2	1	1	1	1	1	1	2	1	22	16	
A8	X57	16hvh904870	1	0	1	1	1	0	2	1	1	1	1	2	1	1	1	1	1	1	1	1	1	1	1	0	2	1	3	1	1	1	4	1	1	1	1	1	1	1	2	1	17	45	
B8	X58	16hvh904870	0	0	1	0	1	0	2	0	0	0	0	2	1	1	1	1	1	1	1	1	1	1	0	1	2	1	3	1	1	1	3	1	1	1	1	1	1	1	1	1	17	33	
C8	X59	16hvh904897	1	0	1	1	1	1	2	0	1	1	0	2	1	1	1	1	1	1	0	1	1	1	1	1	2	1	2	1	0	1	4	1	1	1	1	1	1	1	2	1	10	32	
D8	X60	16hvh904897	1	0	0	1	1	0	2	0	1	1	1	2	2	1	1	1	1	0	1	1	1	1	1	0	2	0	2	1	0	1	4	1	1	2	1	1	1	1	2	1	12	20	
E8	X61	16hvh904927	1	0	0	1	1	0	2	13	1	0	1	2	1	1	1	1	1	1	1	1	1	1	1	0	2	1	2	1	1	1	4	64	1	2	1	1	1	1	2	1	17	29	
F8	X62	16hvh904927	1	0	0	0	1	0	2	10	1	1	1	2	1	1	1	1	1	1	1	1	1	1	0	0	2	1	2	1	0	1	5	57	2	1	1	1	1	1	1	1	9	10	
G8	X63	16hvh904931	1	0	145	1	1	0	2	1	0	0	1	2	1	1	1	1	1	1	1	1	1	1	1	1	2	1	2	1	0	1	4	1	1	2	1	1	1	1	3	1	23	26	
H8	X64	16hvh904931	1	1	90	1	1	0	2	1	1	1	0	2	2	1	1	1	1	0	1	1	1	1	1	0	2	2	2	1	0	1	4	2	2	3	1	1	1	1	2	1	14	19	
A9	X65	16hvh904942	1	1	1	1	1	0	1	0	0	1	0	2	1	1	1	1	1	1	1	1	1	1	1	1	2	2	3	1	1	1	4	2	1	2	1	1	1	1	2	1	7	17	
B9	X66	16hvh904942	0	0	0	1	1	0	2	0	1	1	1	2	1	1	1	1	1	1	1	1	1	1	1	1	2	2	2	1	0	1	4	2	1	3	1	1	1	1	2	1	7	16	
C9	X67	16hvh904943	1	1	1	1	1	0	2	1	0	1	0	2	3	1	1	1	1	1	1	1	1	1	1	0	2	3	5	1	0	1	4	2	2	4	1	1	1	1	3	1	31	81	
D9	X68	16hvh904943	1	1	0	1	0	0	1	1	1	1	1	2	1	1	1	1	1	1	1	1	1	1	1	0	2	1	1	1	0	1	4	1	1	2	1	1	1	1	1	1	4	6	
E9	X69	16hvh904944	1	1	1	1	1	1	2	2	1	1	1	2	1	1	1	1	106	1	1	1	1	1	1	0	2	1	1	1	0	1	4	1	1	10	1	1	1	1	1	1	9	11	
F9	X70	16hvh904944	1	1	0	0	1	0	2	2	1	1	1	3	1	1	1	1	105	1	1	1	1	1	1	1	2	1	2	1	1	1	4	1	1	10	1	1	1	1	2	1	15	23	
G9	X71	16hvh905010	1	1	0	1	1	0	2	1	1	1	1	2	2	1	1	1	1	1	1	1	1	1	1	1	2	1	11	6	1	1	4	1	38	3	1	1	1	1	2	1	47	60	
H9	X72	16hvh905010	1	0	0	0	1	1	1	1	0	0	1	3	2	1	1	1	1	1	1	1	1	1	1	1	2	1	7	5	0	1	4	2	49	3	1	1	1	1	2	1	29	40	
A10	X73	16hvh905062	1	1	0	1	1	1	2	0	1	12	2	2	1	1	1	1	1	1	1	1	1	1	0	0	2	1	3	1	1	0	4	120	1	2	2	1	1	1	2	1	54	31	
B10	X74	16hvh905062	1	0	1	1	1	0	2	0	1	10	2	2	2	1	0	1	1	1	1	1	1	1	1	0	2	1	2	1	1	1	4	114	1	2	1	1	1	1	2	1	51	34	
C10	X75	16hvh905067	1	1	1	1	1	1	1	0	1	1	1	2	1	1	1	1	1	1	1	1	1	1	0	0	2	0	3	1	1	1	5	1	1	2	19	1	1	1	2	1	10	56	
D10	X76	16hvh905067	0	1	1	0	0	0	2	1	1	0	0	2	1	1	1	1	1	1	1	1	1	1	0	0	2	0	2	1	0	1	4	1	1	1	1	1	0	1	1	1	8	14	
E10	X77	16hvh905102	2	0	0	1	0	0	4	0	1	1	1	2	29	1	1	1	1	1	1	1	1	1	1	1	2	8	2	1	0	1	4	6	1	10	1	1	0	1	3	1	6	10	
F10	X78	16hvh905102	2	0	1	1	0	0	3	0	1	0	1	2	22	1	1	1	1	1	1	1	1	1	1	0	2	3	2	1	0	1	4	4	1	6	1	2	1	1	2	1	4	8	
G10	X79	16hvh905115	1	1	0	1	0	1	2	1	1	1	1	3	1	1	1	28	1	1	1	1	1	1	0	1	2	1	1	1	1	1	4	1	1	2	1	1	1	1	2	1	13	10	
H10	X80	16hvh905115	1	1	1	0	0	0	2	0	1	0	1	2	1	1	1	37	1	1	1	1	1	1	0	0	2	1	1	1	0	1	4	1	1	1	1	1	0	1	2	1	12	8	
A11	X81	16hvh905117	1	0	0	1	1	1	1	1	1	1	0	2	1	1	1	1	1	1	1	1	1	1	1	0	2	1	2	1	0	1	4	1	1	1	0	1	0	1	1	1	7	14	
B11	X82	16hvh905117	1	0	0	1	0	0	2	1	1	1	1	11	3	1	1	1	1	1	1	1	1	1	1	0	2	1	4	1	0	1	4	1	1	2	1	2	1	1	1	1	16	43	
C11	X83	16hvh905119	1	1	0	0	1	0	2	15	0	1	0	2	2	1	1	1	1	1	1	1	1	1	1	1	2	1	3	1	0	1	4	125	1	2	1	1	1	1	2	2	26	22	
D11	X84	16hvh905119	1	0	0	1	1	1	2	23	0	1	1	2	6	1	1	1	0	1	1	1	1	1	1	0	1	1	2	1	0	1	3	158	1	3	1	1	1	1	2	1	19	15	
E11	X85	16hvh905166	1	0	224	1	0	0	2	1	1	9	1	2	2	1	1	1	1	1	1	1	1	1	1	0	2	1	2	1	0	1	4	2	1	2	1	1	1	1	4	1	55	29	
F11	X86	16hvh905166	1	0	217	1	0	1	2	0	1	8	1	2	1	1	1	1	1	1	1	1	1	1	1	0	2	1	2	1	0	1	4	1	1	2	1	1	1	1	4	1	57	35	
G11	X87	C3676-17	1	0	1	1	1	0	2	0	1	1	1	3	2	1	1	1	1	1	1	1	1	1	1	0	2	1	2	1	1	1	4	23	1	2	1	1	1	1	2	1	3	4	
H11	X88	C3676-17	0	0	0	1	1	1	1	0	0	1	1	2	2	1	1	1	1	1	2	1	1	1	1	1	2	1	2	1	1	1	4	28	1	3	2	1	1	1	1	1	7	16	
A12	X89	H2O	1	0	0	0	1	1	1	1	1	1	1	2	2	1	0	1	1	1	1	1	1	1	1	0	2	1	3	1	1	1	4	1	1	3	1	1	1	1	2	1	6	16	
B12	X90	H2O	1	1	0	1	0	1	2	0	0	1	1	2	4	1	0	1	1	1	1	1	1	1	1	0	2	1	2	1	1	1	4	2	1	3	1	1	1	1	2	1	5	9	
C12	X91	H2O	1	1	0	1	0	0	2	0	1	0	1	2	1	1	1	1	1	1	1	1	1	1	0	0	3	1	2	1	0	1	4	1	1	2	1	1	1	1	1	1	5	11	
D12	X92	H2O	1	0	0	0	0	1	2	1	0	1	1	2	3	1	1	1	1	1	1	1	1	1	0	1	2	1	2	1	1	1	3	1	1	4	1	1	1	0	2	1	5	10	
E12	X93	H2O	1	0	1	0	0	0	2	0	1	1	1	2	3	1	1	1	1	1	1	1	1	1	0	1	2	1	2	1	0	0	4	1	1	2	1	1	1	1	2	1	6	12	
F12	X94	H2O	1	0	0	0	0	0	2	0	0	1	1	2	1	1	1	1	1	1	1	1	1	1	1	0	2	1	2	1	1	1	4	1	2	2	1	0	1	1	2	1	5	8	
G12	X95	H2O	1	1	1	1	0	0	2	0	0	1	0	2	5	1	1	1	2	1	1	1	1	1	1	0	2	1	7	1	0	1	4	1	1	5	1	1	1	1	3	1	26	74	
H12	X96	H2O	1	0	0	0	1	1	1	0	1	1	1	2	1	1	1	1	1	1	1	1	1	1	0	1	2	1	2	1	0	1	4	1	1	2	0	1	1	1	2	1	3	7	
